075 193 245 40 148 67 71 512 512 121
388 148 253 18 173 67 15 512 512 57
414 140 235 49 150 88 72 512 512 169
305 190 273 14 74 70 29 512 512 73
166 163 223 32 136 74 30 512 512 95
114 155 253 33 137 96 39 512 512 98
106 101 216 8 211 110 22 512 512 55
321 188 243 45 104 71 33 512 512 117
084 141 232 17 176 98 34 512 512 82
369 167 209 18 154 100 39 512 512 97
224 133 259 29 150 78 38 512 512 93
310 151 251 14 125 69 26 512 512 81
393 131 217 34 197 89 39 512 512 119
172 103 214 31 217 112 40 512 512 95
311 135 248 21 170 78 27 512 512 87
243 133 214 13 177 119 17 512 512 51
389 126 243 45 170 84 34 512 512 118
198 142 255 43 164 65 25 512 512 111
316 171 252 30 126 66 29 512 512 89
219 162 255 113 117 74 34 512 512 192
135 138 204 22 186 125 20 512 512 60
376 149 249 35 155 85 36 512 512 109
021 172 213 24 126 90 30 512 512 93
412 118 256 99 152 79 30 512 512 164
372 122 212 20 189 98 41 512 512 93
268 173 251 8 103 74 29 512 512 67
308 164 213 36 134 83 36 512 512 113
253 140 184 37 162 117 27 512 512 94
119 143 237 25 155 103 27 512 512 85
298 149 203 34 141 92 26 512 512 93
264 165 238 37 127 85 29 512 512 109
110 186 298 23 142 68 29 512 512 98
362 130 234 13 186 119 16 512 512 48
410 92 200 36 228 77 29 512 512 101
391 102 231 23 162 101 43 512 512 89
351 162 221 29 140 98 25 512 512 88
406 145 242 41 183 63 31 512 512 72
287 182 241 21 148 95 35 512 512 98
078 146 216 18 176 107 36 512 512 76
040 126 231 4 189 104 24 512 512 45
299 118 229 20 188 98 30 512 512 83
015 128 226 21 155 120 30 512 512 87
312 169 272 24 93 44 23 512 512 75
155 159 229 27 144 87 26 512 512 95
303 148 272 35 134 55 35 512 512 113
071 120 217 47 177 117 14 512 512 87
301 138 245 22 167 57 20 512 512 83
395 149 224 95 167 86 21 512 512 142
001 144 261 33 155 84 29 512 512 110
173 135 183 17 186 111 41 512 512 81
329 152 239 10 141 88 30 512 512 79
346 174 244 36 112 60 31 512 512 103
411 152 186 35 157 98 35 512 512 103
225 156 238 15 141 98 28 512 512 81
350 128 256 17 175 104 36 512 512 89
131 147 218 8 166 124 38 512 512 59
344 154 250 31 129 79 36 512 512 112
029 114 202 21 197 128 40 512 512 99
401 159 267 70 160 84 15 512 512 120
377 178 249 20 136 63 17 512 512 55
181 210 272 22 101 51 33 512 512 87
323 156 236 24 110 85 34 512 512 95
227 194 282 24 111 62 36 512 512 89
069 131 248 54 192 77 19 512 512 97
180 171 235 21 157 92 31 512 512 95
179 157 262 26 134 69 28 512 512 89
258 112 234 15 205 109 38 512 512 79
280 158 247 28 159 79 36 512 512 97
178 161 208 42 119 72 27 512 512 110
415 85 181 15 229 145 34 512 512 61
024 189 256 31 154 81 30 512 512 105
343 169 238 15 98 76 28 512 512 86
265 173 238 19 108 71 38 512 512 81
379 149 221 251 152 99 62 512 512 384
290 149 248 26 135 62 34 512 512 97
330 182 211 34 107 95 33 512 512 89
193 121 258 41 187 61 30 512 512 113
201 130 199 5 152 122 41 512 512 76
196 122 225 13 207 96 26 512 512 92
148 138 242 13 155 105 13 512 512 42
125 130 241 22 189 96 35 512 512 102
101 122 222 54 196 105 18 512 512 98
276 152 244 21 146 81 44 512 512 89
203 151 228 36 192 75 33 512 512 106
175 134 238 15 188 95 35 512 512 91
370 101 186 53 215 109 16 512 512 91
217 121 195 32 207 127 32 512 512 107
267 143 259 23 219 102 36 512 512 89
045 151 255 12 146 69 14 512 512 41
010 134 201 35 161 96 73 512 512 174
099 129 229 16 199 96 14 512 512 48
358 119 237 60 195 91 12 512 512 89
365 96 190 56 221 111 23 512 512 94
080 138 231 30 177 88 27 512 512 98
418 91 207 0 212 90 20 512 512 44
413 119 200 22 185 98 30 512 512 85
157 132 238 13 183 110 29 512 512 77
058 147 228 61 153 84 13 512 512 91
270 135 246 14 172 92 31 512 512 87
199 148 224 21 163 103 32 512 512 95
375 146 235 24 184 92 40 512 512 117
236 203 213 23 122 52 25 512 512 81
416 144 233 64 164 82 30 512 512 116
086 121 250 0 176 76 37 512 512 51
419 144 225 10 139 60 21 512 512 44
081 173 240 13 118 74 14 512 512 47
387 136 234 12 193 74 18 512 512 50
378 133 226 35 183 96 27 512 512 93
124 152 263 18 177 69 33 512 512 82
354 177 262 55 129 66 13 512 512 81
064 149 224 17 173 84 41 512 512 93
028 146 250 7 169 91 44 512 512 83
194 113 221 24 218 120 51 512 512 98
130 124 197 83 195 109 28 512 512 130
293 125 229 25 167 97 34 512 512 107
229 174 246 12 132 65 31 512 512 87
262 159 213 15 158 103 32 512 512 76
283 134 208 36 164 123 36 512 512 107
231 127 220 29 166 96 29 512 512 93
295 149 247 32 134 88 33 512 512 105
278 161 233 33 145 78 33 512 512 100
266 139 248 34 120 70 31 512 512 97
145 203 245 13 125 58 32 512 512 93
056 152 233 24 158 86 29 512 512 84
214 157 261 38 161 57 28 512 512 109
279 137 212 24 159 120 28 512 512 80
404 125 248 28 184 79 37 512 512 105
149 143 277 7 184 86 31 512 512 77
043 132 231 5 185 93 21 512 512 39
398 204 298 24 103 49 34 512 512 103
380 174 260 13 125 61 23 512 512 63
061 107 227 21 193 104 35 512 512 93
331 196 235 22 120 106 36 512 512 101
094 122 179 8 232 153 43 512 512 84
347 139 230 23 186 95 36 512 512 89
286 161 232 31 138 76 36 512 512 93
342 125 205 30 170 127 37 512 512 117
325 150 253 36 142 76 29 512 512 93
360 162 230 12 149 77 12 512 512 40
096 137 286 33 181 84 32 512 512 108
339 147 250 30 145 66 30 512 512 105
244 152 228 30 147 73 38 512 512 103
228 204 227 36 113 65 38 512 512 113
277 143 231 26 143 70 32 512 512 109
070 197 262 35 110 81 39 512 512 106
102 132 252 22 187 97 34 512 512 92
304 154 212 28 132 91 35 512 512 93
105 107 171 61 209 130 13 512 512 98
309 153 251 22 162 72 31 512 512 95
318 137 201 33 168 117 50 512 512 105
129 146 213 12 165 97 13 512 512 44
042 137 233 16 205 93 16 512 512 51
041 128 264 30 175 77 57 512 512 137
218 152 252 25 181 84 27 512 512 99
186 95 172 8 178 156 21 512 512 51
230 183 259 31 137 56 27 512 512 96
122 179 248 30 118 90 31 512 512 97
083 119 238 17 168 111 42 512 512 83
249 130 226 32 165 85 34 512 512 123
239 112 216 23 191 78 20 512 512 92
089 143 226 27 145 90 31 512 512 91
392 146 207 13 176 107 20 512 512 57
326 148 248 24 135 83 28 512 512 89
046 150 233 28 139 90 35 512 512 103
004 121 183 37 211 124 35 512 512 107
421 152 235 31 155 89 53 512 512 131
050 162 212 33 127 112 17 512 512 85
158 145 221 28 160 96 21 512 512 66
361 110 272 34 205 101 18 512 512 68
374 140 178 50 161 172 37 512 512 137
019 152 259 27 122 77 30 512 512 85
107 169 264 44 133 94 19 512 512 102
256 149 224 14 162 80 38 512 512 89
049 116 211 21 196 147 39 512 512 87
103 106 171 35 167 128 30 512 512 90
066 124 206 56 189 94 18 512 512 96
284 121 236 21 187 97 37 512 512 85
333 164 240 18 122 66 36 512 512 97
140 126 250 18 178 74 12 512 512 56
382 161 246 31 160 81 33 512 512 111
052 86 203 27 257 133 27 512 512 89
247 162 197 33 116 129 33 512 512 89
016 115 235 24 160 95 31 512 512 85
111 145 208 14 176 129 19 512 512 57
285 174 243 40 119 69 27 512 512 113
051 171 194 38 171 95 36 512 512 99
113 101 184 44 209 150 24 512 512 100
345 147 213 28 161 99 28 512 512 84
255 161 226 21 148 100 31 512 512 99
126 126 210 0 179 129 41 512 512 73
242 151 226 24 158 80 32 512 512 101
032 175 252 22 133 81 25 512 512 89
275 138 220 32 160 85 33 512 512 105
025 109 182 22 182 127 31 512 512 75
215 119 235 30 178 57 26 512 512 99
055 145 219 23 155 112 37 512 512 96
357 77 205 13 229 128 14 512 512 44
348 181 258 29 137 78 30 512 512 89
006 145 232 34 171 90 25 512 512 101
048 164 254 43 161 68 27 512 512 121
210 178 272 20 139 66 36 512 512 93
386 134 237 17 182 90 33 512 512 81
261 158 239 55 158 61 28 512 512 161
211 178 212 35 112 84 36 512 512 121
226 147 258 24 140 89 33 512 512 104
077 179 221 14 135 96 32 512 512 81
297 144 224 21 118 102 39 512 512 101
207 137 219 17 162 137 34 512 512 81
100 129 204 41 167 119 30 512 512 98
209 169 214 24 112 95 45 512 512 104
159 122 237 12 187 83 36 512 512 90
320 104 240 28 185 96 27 512 512 91
355 93 195 49 226 117 12 512 512 86
327 147 214 29 145 92 33 512 512 99
254 170 246 25 101 71 37 512 512 101
035 166 231 27 153 101 26 512 512 73
191 136 265 18 168 90 31 512 512 57
183 161 246 20 109 61 24 512 512 76
167 167 254 21 143 84 34 512 512 101
005 182 206 26 131 97 40 512 512 104
037 110 253 7 183 120 23 512 512 71
095 132 229 23 189 90 32 512 512 93
222 158 233 23 136 96 36 512 512 77
409 129 174 461 183 147 148 512 512 751
117 103 265 79 215 88 33 512 512 134
182 165 208 24 156 102 25 512 512 79
092 124 259 55 209 83 14 512 512 92
289 127 248 32 212 81 33 512 512 96
336 137 264 15 146 81 29 512 512 92
104 167 241 29 110 86 32 512 512 100
170 165 252 29 143 63 37 512 512 103
067 123 227 30 199 119 31 512 512 103
197 152 239 23 139 77 23 512 512 73
074 132 226 3 126 91 19 512 512 37
334 138 235 17 148 97 26 512 512 91
147 165 216 20 120 119 34 512 512 85
