0069 209 239 82 166 91 85 512 512 209 -586.552267 481.222694
0019 215 254 80 155 72 96 512 512 210 -588.739218 486.204770
0072 200 231 49 183 80 113 512 512 204 -774.080225 807.024708
0076 228 249 73 135 86 81 512 512 210 -651.385454 470.005660
0046 224 186 59 156 108 81 512 512 198 -819.970957 785.374575
0026 212 250 112 167 98 94 512 512 310 -573.548894 480.970665
0056 191 213 89 146 67 83 512 512 215 -665.967853 466.886324
0061 199 256 71 179 108 104 512 512 223 -653.476991 494.844355
0078 200 216 112 206 102 90 512 512 310 -709.330085 455.225367
0027 197 235 60 184 115 114 512 512 205 -686.081544 466.852001
0042 211 199 122 170 121 65 512 512 310 -717.126137 462.584683
0051 200 272 67 185 88 84 512 512 185 -560.189642 513.111634
0025 207 248 70 193 94 86 512 512 187 -598.445066 495.846948
0031 204 241 102 164 84 112 512 512 310 -727.052003 461.708506
0004 220 266 81 182 99 71 512 512 221 -457.518242 475.783027
0048 214 249 74 144 60 80 512 512 206 -701.009839 468.051941
0081 233 205 49 99 111 115 512 512 209 -790.731229 407.268297
0036 229 189 49 153 107 98 512 512 223 -700.107701 460.171664
0038 202 219 89 191 92 83 512 512 205 -789.239526 793.787581
0049 206 257 70 127 81 88 512 512 222 -636.270094 479.725493
0055 200 199 56 171 117 87 512 512 193 -599.264682 490.198229
0016 167 257 145 206 79 73 512 512 310 -701.206579 463.822639
0070 207 255 77 189 87 91 512 512 199 -603.487705 493.712337
0001 192 219 99 162 70 71 512 512 240 -683.746964 458.167507
0082 216 299 91 172 59 66 512 512 226 -594.455645 484.285646
0033 206 151 106 125 137 107 512 512 310 -724.413907 451.792335
0064 221 236 75 119 69 89 512 512 213 -673.765038 463.776102
0066 213 192 64 155 82 68 512 512 201 -702.343454 454.886295
0012 222 241 91 143 110 77 512 512 214 -653.608796 480.274026
0035 204 232 77 161 89 74 512 512 227 -631.388720 479.472846
0079 206 228 92 168 95 78 512 512 251 -558.196689 478.739046
0006 213 229 85 135 65 80 512 512 223 -606.073340 484.283118
0063 188 249 101 180 62 104 512 512 310 -562.610816 505.001513
0017 216 237 121 167 112 80 512 512 310 -676.935878 469.069588
0058 211 254 104 162 77 121 512 512 310 -661.490937 465.820288
0057 212 208 84 156 94 77 512 512 228 -638.051749 473.163987
0008 189 199 87 204 114 95 512 512 205 -802.460711 792.215055
0013 220 195 62 153 112 79 512 512 186 -608.783388 483.431801
0023 193 182 113 202 147 80 512 512 310 -746.897175 452.330116
0020 217 230 83 177 91 100 512 512 218 -851.837663 771.600174
0045 224 260 78 177 67 95 512 512 216 -608.144657 483.757016
0044 185 258 186 165 77 145 512 512 466 -609.676265 478.471688
0050 207 187 127 170 102 46 512 512 310 -617.766156 492.501199
0040 245 232 83 112 84 93 512 512 251 -535.829629 487.405355
0014 216 260 97 111 85 88 512 512 231 -586.093924 487.326386
0062 216 188 43 134 117 105 512 512 211 -769.639880 420.501906
0059 226 233 79 150 84 68 512 512 203 -675.975980 467.366373
0028 218 191 85 133 88 73 512 512 206 -669.608130 472.515555
